function AA = AMatrix_I(w11,w12,w13,w21,w22,w23,dw11,dw12,dw13,dw21,dw22,dw23,a11,a12,a13,a21,a22,a23,a31,a32,a33,dv11,dv12,dv13,dv21,dv22,dv23)
AA(1,1)=2.*(a21.^2.*dw11.^2+a31.^2.*dw11.^2+2.*a21.*a22.*dw11.*dw12+2.*a31.* ...
  a32.*dw11.*dw12+a22.^2.*dw12.^2+a32.^2.*dw12.^2+2.*a21.*a23.*dw11.*dw13+ ...
  2.*a31.*a33.*dw11.*dw13+2.*a22.*a23.*dw12.*dw13+2.*a32.*a33.*dw12.*dw13+ ...
  a23.^2.*dw13.^2+a33.^2.*dw13.^2+a21.^2.*dw21.^2+a31.^2.*dw21.^2+2.*a21.* ...
  a22.*dw21.*dw22+2.*a31.*a32.*dw21.*dw22+a22.^2.*dw22.^2+a32.^2.*dw22.^2+ ...
  2.*a21.*a23.*dw21.*dw23+2.*a31.*a33.*dw21.*dw23+2.*a22.*a23.*dw22.*dw23+ ...
  2.*a32.*a33.*dw22.*dw23+a23.^2.*dw23.^2+a33.^2.*dw23.^2+2.*a21.^2.* ...
  dw11.*w11+2.*a31.^2.*dw11.*w11+2.*a21.*a22.*dw12.*w11+2.*a31.*a32.* ...
  dw12.*w11+2.*a21.*a23.*dw13.*w11+2.*a31.*a33.*dw13.*w11+a21.^2.*w11.^2+ ...
  a31.^2.*w11.^2+2.*a21.*a22.*dw11.*w12+2.*a31.*a32.*dw11.*w12+2.*a22.^2.* ...
  dw12.*w12+2.*a32.^2.*dw12.*w12+2.*a22.*a23.*dw13.*w12+2.*a32.*a33.* ...
  dw13.*w12+2.*a21.*a22.*w11.*w12+2.*a31.*a32.*w11.*w12+a22.^2.*w12.^2+ ...
  a32.^2.*w12.^2+2.*a21.*a23.*dw11.*w13+2.*a31.*a33.*dw11.*w13+2.*a22.* ...
  a23.*dw12.*w13+2.*a32.*a33.*dw12.*w13+2.*a23.^2.*dw13.*w13+2.*a33.^2.* ...
  dw13.*w13+2.*a21.*a23.*w11.*w13+2.*a31.*a33.*w11.*w13+2.*a22.*a23.*w12.* ...
  w13+2.*a32.*a33.*w12.*w13+a23.^2.*w13.^2+a33.^2.*w13.^2+2.*a21.^2.* ...
  dw21.*w21+2.*a31.^2.*dw21.*w21+2.*a21.*a22.*dw22.*w21+2.*a31.*a32.* ...
  dw22.*w21+2.*a21.*a23.*dw23.*w21+2.*a31.*a33.*dw23.*w21+a21.^2.*w21.^2+ ...
  a31.^2.*w21.^2+2.*a21.*a22.*dw21.*w22+2.*a31.*a32.*dw21.*w22+2.*a22.^2.* ...
  dw22.*w22+2.*a32.^2.*dw22.*w22+2.*a22.*a23.*dw23.*w22+2.*a32.*a33.* ...
  dw23.*w22+2.*a21.*a22.*w21.*w22+2.*a31.*a32.*w21.*w22+a22.^2.*w22.^2+ ...
  a32.^2.*w22.^2+2.*a21.*a23.*dw21.*w23+2.*a31.*a33.*dw21.*w23+2.*a22.* ...
  a23.*dw22.*w23+2.*a32.*a33.*dw22.*w23+2.*a23.^2.*dw23.*w23+2.*a33.^2.* ...
  dw23.*w23+2.*a21.*a23.*w21.*w23+2.*a31.*a33.*w21.*w23+2.*a22.*a23.*w22.* ...
  w23+2.*a32.*a33.*w22.*w23+a23.^2.*w23.^2+a33.^2.*w23.^2);
AA(1,2)=2.*((-1).*a11.*a21.*dw11.^2+(-1).*a12.*a21.*dw11.*dw12+(-1).*a11.*a22.* ...
  dw11.*dw12+(-1).*a12.*a22.*dw12.^2+(-1).*a13.*a21.*dw11.*dw13+(-1).* ...
  a11.*a23.*dw11.*dw13+(-1).*a13.*a22.*dw12.*dw13+(-1).*a12.*a23.*dw12.* ...
  dw13+(-1).*a13.*a23.*dw13.^2+(-1).*a11.*a21.*dw21.^2+(-1).*a12.*a21.* ...
  dw21.*dw22+(-1).*a11.*a22.*dw21.*dw22+(-1).*a12.*a22.*dw22.^2+(-1).* ...
  a13.*a21.*dw21.*dw23+(-1).*a11.*a23.*dw21.*dw23+(-1).*a13.*a22.*dw22.* ...
  dw23+(-1).*a12.*a23.*dw22.*dw23+(-1).*a13.*a23.*dw23.^2+(-2).*a11.*a21.* ...
  dw11.*w11+(-1).*a12.*a21.*dw12.*w11+(-1).*a11.*a22.*dw12.*w11+(-1).* ...
  a13.*a21.*dw13.*w11+(-1).*a11.*a23.*dw13.*w11+(-1).*a11.*a21.*w11.^2+( ...
  -1).*a12.*a21.*dw11.*w12+(-1).*a11.*a22.*dw11.*w12+(-2).*a12.*a22.* ...
  dw12.*w12+(-1).*a13.*a22.*dw13.*w12+(-1).*a12.*a23.*dw13.*w12+(-1).* ...
  a12.*a21.*w11.*w12+(-1).*a11.*a22.*w11.*w12+(-1).*a12.*a22.*w12.^2+(-1) ...
  .*a13.*a21.*dw11.*w13+(-1).*a11.*a23.*dw11.*w13+(-1).*a13.*a22.*dw12.* ...
  w13+(-1).*a12.*a23.*dw12.*w13+(-2).*a13.*a23.*dw13.*w13+(-1).*a13.*a21.* ...
  w11.*w13+(-1).*a11.*a23.*w11.*w13+(-1).*a13.*a22.*w12.*w13+(-1).*a12.* ...
  a23.*w12.*w13+(-1).*a13.*a23.*w13.^2+(-2).*a11.*a21.*dw21.*w21+(-1).* ...
  a12.*a21.*dw22.*w21+(-1).*a11.*a22.*dw22.*w21+(-1).*a13.*a21.*dw23.*w21+ ...
  (-1).*a11.*a23.*dw23.*w21+(-1).*a11.*a21.*w21.^2+(-1).*a12.*a21.*dw21.* ...
  w22+(-1).*a11.*a22.*dw21.*w22+(-2).*a12.*a22.*dw22.*w22+(-1).*a13.*a22.* ...
  dw23.*w22+(-1).*a12.*a23.*dw23.*w22+(-1).*a12.*a21.*w21.*w22+(-1).*a11.* ...
  a22.*w21.*w22+(-1).*a12.*a22.*w22.^2+(-1).*a13.*a21.*dw21.*w23+(-1).* ...
  a11.*a23.*dw21.*w23+(-1).*a13.*a22.*dw22.*w23+(-1).*a12.*a23.*dw22.*w23+ ...
  (-2).*a13.*a23.*dw23.*w23+(-1).*a13.*a21.*w21.*w23+(-1).*a11.*a23.*w21.* ...
  w23+(-1).*a13.*a22.*w22.*w23+(-1).*a12.*a23.*w22.*w23+(-1).*a13.*a23.* ...
  w23.^2);
AA(1,3)=2.*((-1).*a11.*a31.*dw11.^2+(-1).*a12.*a31.*dw11.*dw12+(-1).*a11.*a32.* ...
  dw11.*dw12+(-1).*a12.*a32.*dw12.^2+(-1).*a13.*a31.*dw11.*dw13+(-1).* ...
  a11.*a33.*dw11.*dw13+(-1).*a13.*a32.*dw12.*dw13+(-1).*a12.*a33.*dw12.* ...
  dw13+(-1).*a13.*a33.*dw13.^2+(-1).*a11.*a31.*dw21.^2+(-1).*a12.*a31.* ...
  dw21.*dw22+(-1).*a11.*a32.*dw21.*dw22+(-1).*a12.*a32.*dw22.^2+(-1).* ...
  a13.*a31.*dw21.*dw23+(-1).*a11.*a33.*dw21.*dw23+(-1).*a13.*a32.*dw22.* ...
  dw23+(-1).*a12.*a33.*dw22.*dw23+(-1).*a13.*a33.*dw23.^2+(-2).*a11.*a31.* ...
  dw11.*w11+(-1).*a12.*a31.*dw12.*w11+(-1).*a11.*a32.*dw12.*w11+(-1).* ...
  a13.*a31.*dw13.*w11+(-1).*a11.*a33.*dw13.*w11+(-1).*a11.*a31.*w11.^2+( ...
  -1).*a12.*a31.*dw11.*w12+(-1).*a11.*a32.*dw11.*w12+(-2).*a12.*a32.* ...
  dw12.*w12+(-1).*a13.*a32.*dw13.*w12+(-1).*a12.*a33.*dw13.*w12+(-1).* ...
  a12.*a31.*w11.*w12+(-1).*a11.*a32.*w11.*w12+(-1).*a12.*a32.*w12.^2+(-1) ...
  .*a13.*a31.*dw11.*w13+(-1).*a11.*a33.*dw11.*w13+(-1).*a13.*a32.*dw12.* ...
  w13+(-1).*a12.*a33.*dw12.*w13+(-2).*a13.*a33.*dw13.*w13+(-1).*a13.*a31.* ...
  w11.*w13+(-1).*a11.*a33.*w11.*w13+(-1).*a13.*a32.*w12.*w13+(-1).*a12.* ...
  a33.*w12.*w13+(-1).*a13.*a33.*w13.^2+(-2).*a11.*a31.*dw21.*w21+(-1).* ...
  a12.*a31.*dw22.*w21+(-1).*a11.*a32.*dw22.*w21+(-1).*a13.*a31.*dw23.*w21+ ...
  (-1).*a11.*a33.*dw23.*w21+(-1).*a11.*a31.*w21.^2+(-1).*a12.*a31.*dw21.* ...
  w22+(-1).*a11.*a32.*dw21.*w22+(-2).*a12.*a32.*dw22.*w22+(-1).*a13.*a32.* ...
  dw23.*w22+(-1).*a12.*a33.*dw23.*w22+(-1).*a12.*a31.*w21.*w22+(-1).*a11.* ...
  a32.*w21.*w22+(-1).*a12.*a32.*w22.^2+(-1).*a13.*a31.*dw21.*w23+(-1).* ...
  a11.*a33.*dw21.*w23+(-1).*a13.*a32.*dw22.*w23+(-1).*a12.*a33.*dw22.*w23+ ...
  (-2).*a13.*a33.*dw23.*w23+(-1).*a13.*a31.*w21.*w23+(-1).*a11.*a33.*w21.* ...
  w23+(-1).*a13.*a32.*w22.*w23+(-1).*a12.*a33.*w22.*w23+(-1).*a13.*a33.* ...
  w23.^2);
AA(2,1)=2.*((-1).*a11.*a21.*dw11.^2+(-1).*a12.*a21.*dw11.*dw12+(-1).*a11.*a22.* ...
  dw11.*dw12+(-1).*a12.*a22.*dw12.^2+(-1).*a13.*a21.*dw11.*dw13+(-1).* ...
  a11.*a23.*dw11.*dw13+(-1).*a13.*a22.*dw12.*dw13+(-1).*a12.*a23.*dw12.* ...
  dw13+(-1).*a13.*a23.*dw13.^2+(-1).*a11.*a21.*dw21.^2+(-1).*a12.*a21.* ...
  dw21.*dw22+(-1).*a11.*a22.*dw21.*dw22+(-1).*a12.*a22.*dw22.^2+(-1).* ...
  a13.*a21.*dw21.*dw23+(-1).*a11.*a23.*dw21.*dw23+(-1).*a13.*a22.*dw22.* ...
  dw23+(-1).*a12.*a23.*dw22.*dw23+(-1).*a13.*a23.*dw23.^2+(-2).*a11.*a21.* ...
  dw11.*w11+(-1).*a12.*a21.*dw12.*w11+(-1).*a11.*a22.*dw12.*w11+(-1).* ...
  a13.*a21.*dw13.*w11+(-1).*a11.*a23.*dw13.*w11+(-1).*a11.*a21.*w11.^2+( ...
  -1).*a12.*a21.*dw11.*w12+(-1).*a11.*a22.*dw11.*w12+(-2).*a12.*a22.* ...
  dw12.*w12+(-1).*a13.*a22.*dw13.*w12+(-1).*a12.*a23.*dw13.*w12+(-1).* ...
  a12.*a21.*w11.*w12+(-1).*a11.*a22.*w11.*w12+(-1).*a12.*a22.*w12.^2+(-1) ...
  .*a13.*a21.*dw11.*w13+(-1).*a11.*a23.*dw11.*w13+(-1).*a13.*a22.*dw12.* ...
  w13+(-1).*a12.*a23.*dw12.*w13+(-2).*a13.*a23.*dw13.*w13+(-1).*a13.*a21.* ...
  w11.*w13+(-1).*a11.*a23.*w11.*w13+(-1).*a13.*a22.*w12.*w13+(-1).*a12.* ...
  a23.*w12.*w13+(-1).*a13.*a23.*w13.^2+(-2).*a11.*a21.*dw21.*w21+(-1).* ...
  a12.*a21.*dw22.*w21+(-1).*a11.*a22.*dw22.*w21+(-1).*a13.*a21.*dw23.*w21+ ...
  (-1).*a11.*a23.*dw23.*w21+(-1).*a11.*a21.*w21.^2+(-1).*a12.*a21.*dw21.* ...
  w22+(-1).*a11.*a22.*dw21.*w22+(-2).*a12.*a22.*dw22.*w22+(-1).*a13.*a22.* ...
  dw23.*w22+(-1).*a12.*a23.*dw23.*w22+(-1).*a12.*a21.*w21.*w22+(-1).*a11.* ...
  a22.*w21.*w22+(-1).*a12.*a22.*w22.^2+(-1).*a13.*a21.*dw21.*w23+(-1).* ...
  a11.*a23.*dw21.*w23+(-1).*a13.*a22.*dw22.*w23+(-1).*a12.*a23.*dw22.*w23+ ...
  (-2).*a13.*a23.*dw23.*w23+(-1).*a13.*a21.*w21.*w23+(-1).*a11.*a23.*w21.* ...
  w23+(-1).*a13.*a22.*w22.*w23+(-1).*a12.*a23.*w22.*w23+(-1).*a13.*a23.* ...
  w23.^2);
