function bb = AbMatrix_I(w11,w12,w13,w21,w22,w23,dw11,dw12,dw13,dw21,dw22,dw23,a11,a12,a13,a21,a22,a23,a31,a32,a33,dv11,dv12,dv13,dv21,dv22,dv23)
 bb=zeros(3,1);
bb(1)=(-2).*a31.*dv12.*dw11+2.*a21.*dv13.*dw11+(-2).*a32.*dv12.*dw12+2.*a22.* ...
  dv13.*dw12+(-2).*a33.*dv12.*dw13+2.*a23.*dv13.*dw13+(-2).*a31.*dv22.* ...
  dw21+2.*a21.*dv23.*dw21+(-2).*a32.*dv22.*dw22+2.*a22.*dv23.*dw22+(-2).* ...
  a33.*dv22.*dw23+2.*a23.*dv23.*dw23+(-2).*a31.*dv12.*w11+2.*a21.*dv13.* ...
  w11+(-2).*a22.*a31.*dw12.*w11+2.*a21.*a32.*dw12.*w11+(-2).*a23.*a31.* ...
  dw13.*w11+2.*a21.*a33.*dw13.*w11+(-2).*a32.*dv12.*w12+2.*a22.*dv13.*w12+ ...
  2.*a22.*a31.*dw11.*w12+(-2).*a21.*a32.*dw11.*w12+(-2).*a23.*a32.*dw13.* ...
  w12+2.*a22.*a33.*dw13.*w12+(-2).*a33.*dv12.*w13+2.*a23.*dv13.*w13+2.* ...
  a23.*a31.*dw11.*w13+(-2).*a21.*a33.*dw11.*w13+2.*a23.*a32.*dw12.*w13+( ...
  -2).*a22.*a33.*dw12.*w13+(-2).*a31.*dv22.*w21+2.*a21.*dv23.*w21+(-2).* ...
  a22.*a31.*dw22.*w21+2.*a21.*a32.*dw22.*w21+(-2).*a23.*a31.*dw23.*w21+2.* ...
  a21.*a33.*dw23.*w21+(-2).*a32.*dv22.*w22+2.*a22.*dv23.*w22+2.*a22.*a31.* ...
  dw21.*w22+(-2).*a21.*a32.*dw21.*w22+(-2).*a23.*a32.*dw23.*w22+2.*a22.* ...
  a33.*dw23.*w22+(-2).*a33.*dv22.*w23+2.*a23.*dv23.*w23+2.*a23.*a31.* ...
  dw21.*w23+(-2).*a21.*a33.*dw21.*w23+2.*a23.*a32.*dw22.*w23+(-2).*a22.* ...
  a33.*dw22.*w23;
bb(2)=2.*a31.*dv11.*dw11+(-2).*a11.*dv13.*dw11+2.*a32.*dv11.*dw12+(-2).*a12.* ...
  dv13.*dw12+2.*a33.*dv11.*dw13+(-2).*a13.*dv13.*dw13+2.*a31.*dv21.*dw21+( ...
  -2).*a11.*dv23.*dw21+2.*a32.*dv21.*dw22+(-2).*a12.*dv23.*dw22+2.*a33.* ...
  dv21.*dw23+(-2).*a13.*dv23.*dw23+2.*a31.*dv11.*w11+(-2).*a11.*dv13.*w11+ ...
  2.*a12.*a31.*dw12.*w11+(-2).*a11.*a32.*dw12.*w11+2.*a13.*a31.*dw13.*w11+ ...
  (-2).*a11.*a33.*dw13.*w11+2.*a32.*dv11.*w12+(-2).*a12.*dv13.*w12+(-2).* ...
  a12.*a31.*dw11.*w12+2.*a11.*a32.*dw11.*w12+2.*a13.*a32.*dw13.*w12+(-2).* ...
  a12.*a33.*dw13.*w12+2.*a33.*dv11.*w13+(-2).*a13.*dv13.*w13+(-2).*a13.* ...
  a31.*dw11.*w13+2.*a11.*a33.*dw11.*w13+(-2).*a13.*a32.*dw12.*w13+2.*a12.* ...
  a33.*dw12.*w13+2.*a31.*dv21.*w21+(-2).*a11.*dv23.*w21+2.*a12.*a31.* ...
  dw22.*w21+(-2).*a11.*a32.*dw22.*w21+2.*a13.*a31.*dw23.*w21+(-2).*a11.* ...
  a33.*dw23.*w21+2.*a32.*dv21.*w22+(-2).*a12.*dv23.*w22+(-2).*a12.*a31.* ...
  dw21.*w22+2.*a11.*a32.*dw21.*w22+2.*a13.*a32.*dw23.*w22+(-2).*a12.*a33.* ...
  dw23.*w22+2.*a33.*dv21.*w23+(-2).*a13.*dv23.*w23+(-2).*a13.*a31.*dw21.* ...
  w23+2.*a11.*a33.*dw21.*w23+(-2).*a13.*a32.*dw22.*w23+2.*a12.*a33.*dw22.* ...
  w23;
bb(3)=(-2).*a21.*dv11.*dw11+2.*a11.*dv12.*dw11+(-2).*a22.*dv11.*dw12+2.*a12.* ...
  dv12.*dw12+(-2).*a23.*dv11.*dw13+2.*a13.*dv12.*dw13+(-2).*a21.*dv21.* ...
  dw21+2.*a11.*dv22.*dw21+(-2).*a22.*dv21.*dw22+2.*a12.*dv22.*dw22+(-2).* ...
  a23.*dv21.*dw23+2.*a13.*dv22.*dw23+(-2).*a21.*dv11.*w11+2.*a11.*dv12.* ...
  w11+(-2).*a12.*a21.*dw12.*w11+2.*a11.*a22.*dw12.*w11+(-2).*a13.*a21.* ...
  dw13.*w11+2.*a11.*a23.*dw13.*w11+(-2).*a22.*dv11.*w12+2.*a12.*dv12.*w12+ ...
  2.*a12.*a21.*dw11.*w12+(-2).*a11.*a22.*dw11.*w12+(-2).*a13.*a22.*dw13.* ...
  w12+2.*a12.*a23.*dw13.*w12+(-2).*a23.*dv11.*w13+2.*a13.*dv12.*w13+2.* ...
  a13.*a21.*dw11.*w13+(-2).*a11.*a23.*dw11.*w13+2.*a13.*a22.*dw12.*w13+( ...
  -2).*a12.*a23.*dw12.*w13+(-2).*a21.*dv21.*w21+2.*a11.*dv22.*w21+(-2).* ...
  a12.*a21.*dw22.*w21+2.*a11.*a22.*dw22.*w21+(-2).*a13.*a21.*dw23.*w21+2.* ...
  a11.*a23.*dw23.*w21+(-2).*a22.*dv21.*w22+2.*a12.*dv22.*w22+2.*a12.*a21.* ...
  dw21.*w22+(-2).*a11.*a22.*dw21.*w22+(-2).*a13.*a22.*dw23.*w22+2.*a12.* ...
  a23.*dw23.*w22+(-2).*a23.*dv21.*w23+2.*a13.*dv22.*w23+2.*a13.*a21.* ...
  dw21.*w23+(-2).*a11.*a23.*dw21.*w23+2.*a13.*a22.*dw22.*w23+(-2).*a12.* ...
  a23.*dw22.*w23;
end